58
54
54
203
54
54
74
66
358
269
66
66
74
66
387
364
66
66
74
74
66
66
339
66
548
66
74
66
339
66
66
74
66
387
364
66
66
78
66
262
1349
1514
78
1508
84
1514
78
1514
78
1514
78
1514
78
1514
78
1514
78
1514
78
1514
78
1514
78
1514
78
1514
78
1514
78
1514
78
1514
78
1514
78
1514
329
66
66
74
66
387
364
66
66
74
66
261
66
66
58
54
54
656
54
74
66
701
1514
1514
1266
1514
1514
1266
1514
1514
1266
1514
1514
1266
1514
1514
1266
1514
1514
1266
1514
1514
1266
785
66
74
66
387
364
66
66
74
66
261
66
58
66
54
54
288
74
66
479
66
66
74
66
387
364
66
66
74
66
1365
66
66
74
66
1514
1514
1514
1514
1514
1514
1514
1514
1514
1514
1514
1514
1514
1514
1514
1514
1514
1514
1514
1514
1514
1514
1514
1514
1514
1514
1514
1514
1514
1514
1514
1514
1514
1514
168
74
66
1514
1514
1514
1514
377
66
74
66
1514
1514
1514
1514
1514
1514
1428
1514
1514
1514
1514
1514
1514
1514
74
74
74
1514
1514
1514
1514
1514
1514
1514
1514
1514
1514
1514
1514
1514
1514
66
1514
1514
1514
1514
66
1514
1514
1514
1514
66
1514
1514
1514
1514
395
1514
1514
1514
1514
1514
1514
1514
1514
1514
1514
1514
1514
1514
1514
1514
1514
1359
1514
1514
1514
308
1514
1514
1514
1514
1514
1514
1514
1514
1514
1514
1514
1514
1433
1514
1514
1514
1514
1514
377
66
66
66
66
66
66
54
1514
1514
1514
1514
1514
998
54
54
74
66
387
364
66
66
74
66
1365
66
66
66
54
1514
1464
54
54
74
66
387
364
66
387
66
74
66
261
66
58
66
54
54
687
54
74
66
294
74
66
1514
1514
1514
1514
1514
1304
1304
1304
294
66
66
74
66
387
364
66
66
74
66
261
66
58
66
54
54
288
74
54
66
479
66
66
78
66
74
66
257
66
66
1514
1514
1514
1514
66
1514
1514
1514
1514
1514
1514
1514
1514
1514
1514
1514
1514
1514
1514
1514
1514
1514
1514
1514
1514
1514
1514
1514
1514
1514
1514
1514
1514
1514
1514
1514
330
66
74
66
386
364
66
66
74
66
261
66
58
66
54
54
644
54
66
74
66
701
1514
1514
1266
1514
1514
951
66
66
74
66
387
364
66
66
74
66
261
66
58
66
54
54
288
74
54
66
479
66
66
74
66
1514
1514
1514
1514
1514
1514
1514
1514
1514
1514
1514
1514
1514
1514
1514
1514
1514
1514
1514
1514
1514
1514
1514
1514
1514
1514
1514
1514
1514
1514
1514
1514
821
66
66
74
66
386
364
66
66
74
66
261
66
58
66
288
54
74
54
66
477
66
66
74
66
387
364
66
74
66
66
66
1074
74
74
66
341
66
1514
1514
755
74
66
1484
1484
1185
1484
1484
1326
81
74
1332
1428
74
66
1514
1514
271
66
1514
1514
1514
1514
127
74
66
1098
1514
1514
1514
1514
1514
1514
1514
1514
1514
1514
1514
1514
1514
1514
1514
1514
1514
1514
1514
1514
1514
1514
1514
1514
1514
1514
1514
1514
1514
1514
1514
1514
1514
1514
1514
1514
1514
1514
1514
1514
1514
1514
1514
1514
1514
1514
1514
1514
1514
1514
1514
1514
1514
1514
1514
1514
1514
1514
512
1514
1514
1514
1514
1514
1514
1514
1514
1514
1514
1514
519
1514
1514
1514
1514
1514
1514
1514
1514
1514
1514
1514
1514
1514
1514
1514
1514
1514
1514
1514
1514
1514
1514
1514
1514
1514
1514
1514
1514
154
1514
1514
1514
1514
1514
1514
1514
1514
1514
1514
1514
1514
1514
1514
1514
1514
1514
1514
1418
66
66
66
66
66
66
74
66
1514
1514
1514
1514
1514
1514
1514
1514
1514
1514
1514
1514
1514
1514
1514
1514
1514
1514
1514
1514
1514
1514
1514
1514
1514
1514
1514
1514
1514
1514
1514
1514
1514
1514
1514
1514
1514
607
74
66
388
364
66
66
74
66
261
66
58
66
54
54
288
74
54
66
479
66
66
78
66
74
66
1514
1514
1514
1514
1514
1514
1514
1514
1514
1514
1514
1514
1514
1514
1514
1514
1514
1514
1514
1514
1514
1514
1514
1514
1514
1514
1514
257
66
1514
1514
1514
1514
1514
1514
1514
1514
1514
1514
1514
211
66
66
74
66
387
364
66
66
74
66
261
66
58
66
54
656
54
74
66
702
1514
1514
1266
1514
1514
1266
1514
1514
1266
1514
1514
1266
1514
1514
1266
1514
1514
1266
1514
1514
1266
785
785
66
74
66
388
364
66
66
74
66
261
66
58
66
54
1076
54
74
66
1514
1514
1514
1514
1514
1514
1514
1514
1514
1514
1514
1514
1514
1514
1514
1514
1514
1514
1514
1514
1514
1514
1514
1514
1514
1514
1514
1514
1514
1514
1514
1514
1514
192
1514
1514
66
74
66
388
364
66
66
74
66
261
66
58
66
54
288
54
54
74
66
1514
1514
1514
1514
1514
1514
1514
1514
1514
1514
1514
1514
1514
1514
1514
1514
1514
1514
1514
1514
1514
1514
1514
1514
1514
1514
1514
1514
1514
1514
1514
1514
1514
1514
1514
1514
1514
607
1514
66
66
74
66
387
364
66
66
74
66
261
66
58
261
66
54
54
687
54
74
66
294
74
66
1514
1514
1514
1514
1514
1172
66
66
66
74
66
388
364
66
66
74
66
261
66
66
74
66
477
66
66
78
66
74
66
1514
1514
1514
1514
66
257
66
1514
1514
1514
1514
1514
1514
1514
1514
1514
1514
1514
1514
1514
1514
1514
1514
1514
1514
1514
1514
1514
1514
1514
1514
1514
1514
1514
1514
1514
1514
1514
1514
1514
607
66
66
74
66
261
66
58
66
54
288
54
74
54
66
74
66
66
339
479
66
66
74
66
1514
1514
1514
1514
1514
1514
1514
1514
1514
1514
1514
1514
1514
1514
1514
1514
1514
1514
1514
1514
1514
1514
1514
1514
1514
1514
1514
1514
1514
1514
1514
1514
821
66
74
66
388
364
66
66
74
66
261
66
66
58
54
687
54
74
66
294
74
66
1514
1514
1514
1514
1514
1304
66
66
66
74
66
388
364
66
74
66
261
66
66
58
66
66
54
54
54
288
54
74
66
479
66
66
74
66
1514
1514
1514
1514
1514
1514
1514
1514
1514
1514
1514
1514
1514
1514
1514
1514
1514
1514
1514
1514
1514
1514
1514
1514
1514
1514
1514
1514
1514
1514
1514
1514
1514
1514
1514
330
74
66
388
364
66
74
66
66
261
66
66
58
54
288
54
74
54
66
54
479
66
66
66
74
66
1514
1514
1514
1514
1514
1514
1514
1514
1514
1514
1514
1514
1514
1514
1514
1514
1514
1514
1514
1514
1514
1514
1514
1514
1514
1514
1514
1514
1514
1514
1514
1514
1514
1514
1514
330
66
74
66
388
364
66
66
66
66
1075
74
66
341
74
66
1514
1514
755
74
66
1484
1484
1186
1484
1484
1326
80
74
74
74
1332
66
1514
1514
271
66
1428
66
1514
1514
1514
1514
127
66
74
66
698
1514
1514
1514
1514
1514
1514
1514
1514
1514
1514
1514
1514
1514
1514
1514
1514
1514
1514
1514
1514
1514
1514
1514
1514
1514
1514
1514
1514
1514
1514
1514
1514
1514
1514
1514
1514
1514
1514
1514
1514
1514
1514
1514
1514
1514
1514
1514
1514
1514
1514
1514
1514
1514
1514
1514
1514
1514
1514
512
1514
1514
1514
1514
1514
1514
1514
1514
519
1514
1514
1514
1514
1514
1514
1514
1514
1514
1514
1514
1514
1514
1514
1514
1514
1514
1514
1514
1514
1514
1514
1514
1514
1514
1514
1514
1514
154
1514
1514
1514
1514
1514
1514
1514
1514
1514
1514
1514
1514
1514
1514
1514
1514
1514
1514
1514
1514
1514
1418
58
54
54
54
54
54
203
54
66
66
66
66
66
66
58
78
54
203
54
66
66
346
66
74
66
388
364
66
74
66
66
66
261
66
66
58
54
687
54
54
54
74
66
294
74
66
1514
1514
1514
1514
1514
1304
294
66
66
74
66
388
364
66
66
74
66
261
66
66
58
54
54
288
74
54
66
479
66
66
66
74
66
1514
1514
1514
1514
1514
1514
1514
1514
1514
1514
1514
1514
1514
1514
1514
1514
1514
1514
1514
1514
1514
1514
1514
1514
1514
1514
1514
1514
1514
1514
1514
1514
821
66
74
66
388
364
66
74
66
66
261
66
66
58
54
687
66
54
74
66
294
74
66
1514
1514
1514
1514
1514
1172
66
66
74
66
388
364
66
66
66
66
339
74
66
387
364
66
74
66
66
261
66
66
58
54
288
74
54
66
477
66
66
74
66
1514
1514
1514
1514
1514
1514
1514
1514
1514
1514
1514
1514
1514
1514
1514
1514
1514
1514
1514
1514
1514
1514
1514
1514
1514
1514
1514
1514
1514
1514
1514
1514
1514
1514
1514
1514
1514
607
66
74
66
388
364
66
74
66
66
261
66
66
58
54
288
74
66
479
66
66
54
74
66
1514
1514
1514
1514
1514
1514
1514
1514
1514
1514
1514
1514
1514
1514
1514
1514
1514
1514
1514
1514
1514
1514
1514
1514
1514
1514
1514
1514
1514
1514
1514
1514
1514
1514
1514
1514
1514
1514
211
78
66
257
66
66
66
66
66
66
74
66
388
364
66
74
66
66
261
66
66
58
54
54
687
54
74
66
294
74
66
1514
1514
1514
1514
1514
1172
66
66
74
66
388
364
66
66
58
54
54
1368
54
74
66
400
66
1514
1514
1514
1336
66
54
97
54
1514
1514
1514
1514
272
66
74
66
388
364
66
74
66
261
66
66
58
288
54
74
54
66
478
66
66
66
74
66
1514
1514
1514
1514
1514
1514
1514
1514
1514
1514
1514
1514
1514
1514
1514
1514
1514
1514
1514
1514
1514
1514
1514
1514
1514
1514
1514
1514
1514
1514
1514
1514
1514
1514
251
66
74
66
388
364
66
74
66
261
66
66
58
66
66
54
288
54
74
54
66
479
66
66
74
66
388
364
66
66
74
66
66
339
78
66
257
66
66
