1322499854
1322499855
1322499855
1322499855
1322499855
1322499856
1322499858
1322499858
1322499858
1322499858
1322499858
1322499859
1322499859
1322499859
1322499859
1322499859
1322499859
1322499859
1322499859
1322499859
1322499859
1322499859
1322499859
1322499859
1322499859
1322499859
1322499861
1322499861
1322499861
1322499861
1322499861
1322499861
1322499861
1322499861
1322499861
1322499861
1322499861
1322499862
1322499862
1322499862
1322499862
1322499862
1322499862
1322499862
1322499862
1322499862
1322499862
1322499862
1322499862
1322499862
1322499862
1322499862
1322499862
1322499862
1322499862
1322499862
1322499862
1322499862
1322499862
1322499862
1322499862
1322499862
1322499862
1322499862
1322499862
1322499862
1322499862
1322499862
1322499862
1322499862
1322499862
1322499862
1322499862
1322499862
1322499862
1322499862
1322499862
1322499862
1322499862
1322499870
1322499870
1322499870
1322499870
1322499870
1322499870
1322499871
1322499871
1322499871
1322499871
1322499871
1322499871
1322499871
1322499871
1322499871
1322499871
1322499872
1322499872
1322499872
1322499872
1322499872
1322499872
1322499872
1322499872
1322499872
1322499872
1322499872
1322499872
1322499872
1322499872
1322499872
1322499872
1322499872
1322499872
1322499872
1322499872
1322499872
1322499872
1322499872
1322499872
1322499872
1322499872
1322499875
1322499875
1322499875
1322499875
1322499875
1322499875
1322499875
1322499875
1322499875
1322499875
1322499875
1322499875
1322499875
1322499875
1322499875
1322499883
1322499883
1322499883
1322499883
1322499883
1322499909
1322499912
1322499912
1322499912
1322499912
1322499912
1322499912
1322499912
1322499912
1322499912
1322499912
1322499915
1322499915
1322499915
1322499915
1322499915
1322499915
1322499915
1322499915
1322499915
1322499915
1322499915
1322499915
1322499915
1322499915
1322499915
1322499915
1322499915
1322499915
1322499915
1322499915
1322499915
1322499915
1322499915
1322499915
1322499915
1322499915
1322499915
1322499915
1322499915
1322499915
1322499915
1322499915
1322499915
1322499915
1322499915
1322499915
1322499915
1322499920
1322499920
1322499920
1322499920
1322499920
1322499920
1322499920
1322499921
1322499923
1322499923
1322499923
1322499923
1322499923
1322499923
1322499923
1322499923
1322499923
1322499923
1322499923
1322499923
1322499923
1322499923
1322499923
1322499923
1322499923
1322499923
1322499923
1322499923
1322499923
1322499923
1322499923
1322499923
1322499923
1322499923
1322499923
1322499923
1322499923
1322499923
1322499923
1322499923
1322499923
1322499923
1322499923
1322499923
1322499923
1322499923
1322499923
1322499923
1322499923
1322499923
1322499923
1322499923
1322499923
1322499923
1322499923
1322499923
1322499923
1322499923
1322499923
1322499923
1322499923
1322499923
1322499923
1322499923
1322499923
1322499923
1322499923
1322499923
1322499923
1322499923
1322499923
1322499923
1322499923
1322499923
1322499923
1322499923
1322499923
1322499923
1322499923
1322499923
1322499923
1322499923
1322499923
1322499923
1322499923
1322499923
1322499923
1322499923
1322499923
1322499923
1322499923
1322499923
1322499924
1322499924
1322499924
1322499924
1322499924
1322499927
1322499931
1322499931
1322499931
1322499931
1322499938
1322499938
1322499938
1322499938
1322499938
1322499938
1322499938
1322499938
1322499943
1322499945
1322499950
1322499951
1322499951
1322499951
1322499951
1322499951
1322499951
1322499951
1322499951
1322499951
1322499951
1322499980
1322499980
1322499980
1322499980
1322499986
1322499986
1322499997
1322499997
1322499997
1322499997
1322499997
1322499997
1322499998
1322500000
1322500000
1322500000
1322500000
1322500000
1322500000
1322500001
1322500001
1322500001
1322500001
1322500016
1322500017
1322500017
1322500017
1322500017
1322500017
1322500017
1322500017
1322500017
1322500017
1322500017
1322500018
1322500018
1322500020
1322500023
1322500025
1322500036
1322500036
1322500036
1322500036
1322500036
1322500036
1322500036
1322500036
1322500036
1322500036
1322500036
1322500036
1322500036
1322500037
1322500037
1322500037
1322500037
1322500037
1322500037
1322500037
1322500037
1322500055
1322500055
1322500055
1322500055
1322500055
1322500055
1322500055
1322500055
1322500055
1322500055
1322500055
1322500055
1322500055
1322500055
1322500055
1322500055
1322500055
1322500055
1322500055
1322500055
1322500055
1322500055
1322500055
1322500055
1322500055
1322500055
1322500055
1322500055
1322500055
1322500055
1322500055
1322500055
1322500055
1322500055
1322500055
1322500055
1322500055
1322500055
1322500055
1322500055
1322500055
1322500055
1322500055
1322500055
1322500061
1322500080
1322500080
1322500080
1322500080
1322500080
1322500080
1322500080
1322500080
1322500081
1322500081
1322500081
1322500081
1322500081
1322500081
1322500081
1322500081
1322500099
1322500104
1322500104
1322500104
1322500104
1322500104
1322500104
1322500104
1322500104
1322500104
1322500104
1322500104
1322500105
1322500106
1322500106
1322500106
1322500106
1322500106
1322500106
1322500106
1322500106
1322500106
1322500106
1322500106
1322500106
1322500106
1322500106
1322500106
1322500106
1322500106
1322500106
1322500106
1322500106
1322500123
1322500123
1322500123
1322500123
1322500123
1322500123
1322500123
1322500123
1322500123
1322500123
1322500123
1322500123
1322500123
1322500123
1322500123
1322500123
1322500123
1322500123
1322500123
1322500123
1322500123
1322500123
1322500123
1322500123
1322500123
1322500123
1322500123
1322500123
1322500123
1322500123
1322500123
1322500123
1322500123
1322500123
1322500123
1322500129
1322500129
1322500147
1322500147
1322500147
1322500147
1322500147
1322500147
1322500147
1322500147
1322500147
1322500147
1322500147
1322500147
1322500147
1322500147
1322500147
1322500147
1322500147
1322500147
1322500147
1322500147
1322500165
1322500165
1322500165
1322500165
1322500165
1322500165
1322500165
1322500165
1322500165
1322500165
1322500170
1322500170
1322500170
1322500170
1322500170
1322500170
1322500170
1322500170
1322500170
1322500170
1322500170
1322500170
1322500170
1322500170
1322500170
1322500170
1322500170
1322500170
1322500170
1322500170
1322500170
1322500170
1322500170
1322500170
1322500170
1322500170
1322500170
1322500170
1322500170
1322500170
1322500170
1322500171
1322500171
1322500171
1322500171
1322500171
1322500171
1322500171
1322500171
1322500171
1322500171
1322500171
1322500171
1322500171
1322500171
1322500171
1322500171
1322500171
1322500171
1322500171
1322500171
1322500171
1322500171
1322500171
1322500171
1322500171
1322500171
1322500171
1322500171
1322500171
1322500171
1322500171
1322500171
1322500171
1322500171
1322500171
1322500171
1322500171
1322500171
1322500171
1322500171
1322500172
1322500172
1322500172
1322500172
1322500172
1322500172
1322500172
1322500172
1322500172
1322500172
1322500172
1322500172
1322500172
1322500172
1322500172
1322500172
1322500172
1322500172
1322500172
1322500172
1322500172
1322500172
1322500172
1322500172
1322500172
1322500172
1322500172
1322500172
1322500172
1322500172
1322500172
1322500172
1322500172
1322500172
1322500172
1322500172
1322500172
1322500172
1322500172
1322500172
1322500172
1322500172
1322500172
1322500172
1322500172
1322500172
1322500172
1322500172
1322500172
1322500172
1322500172
1322500172
1322500172
1322500172
1322500172
1322500172
1322500172
1322500172
1322500172
1322500172
1322500172
1322500172
1322500172
1322500172
1322500172
1322500172
1322500172
1322500172
1322500172
1322500172
1322500172
1322500172
1322500172
1322500172
1322500172
1322500172
1322500172
1322500172
1322500172
1322500172
1322500172
1322500172
1322500173
1322500177
1322500177
1322500177
1322500179
1322500179
1322500179
1322500179
1322500179
1322500179
1322500179
1322500179
1322500179
1322500179
1322500179
1322500179
1322500179
1322500179
1322500179
1322500179
1322500179
1322500179
1322500179
1322500179
1322500179
1322500179
1322500179
1322500179
1322500179
1322500179
1322500179
1322500179
1322500179
1322500179
1322500179
1322500179
1322500179
1322500179
1322500179
1322500179
1322500179
1322500179
1322500179
1322500179
1322500179
1322500179
1322500213
1322500213
1322500213
1322500213
1322500213
1322500213
1322500213
1322500213
1322500213
1322500213
1322500213
1322500213
1322500213
1322500213
1322500213
1322500213
1322500213
1322500214
1322500214
1322500214
1322500214
1322500242
1322500242
1322500242
1322500242
1322500242
1322500242
1322500242
1322500242
1322500242
1322500242
1322500242
1322500242
1322500242
1322500242
1322500242
1322500242
1322500242
1322500242
1322500242
1322500242
1322500242
1322500242
1322500242
1322500242
1322500242
1322500242
1322500242
1322500242
1322500242
1322500242
1322500242
1322500242
1322500242
1322500242
1322500242
1322500242
1322500242
1322500242
1322500242
1322500242
1322500242
1322500242
1322500242
1322500242
1322500242
1322500242
1322500248
1322500268
1322500268
1322500268
1322500268
1322500268
1322500268
1322500268
1322500269
1322500269
1322500269
1322500269
1322500269
1322500269
1322500269
1322500269
1322500302
1322500302
1322500302
1322500302
1322500302
1322500302
1322500302
1322500302
1322500302
1322500302
1322500302
1322500302
1322500302
1322500302
1322500302
1322500302
1322500302
1322500302
1322500302
1322500302
1322500302
1322500302
1322500302
1322500302
1322500302
1322500302
1322500302
1322500305
1322500305
1322500305
1322500305
1322500305
1322500305
1322500305
1322500305
1322500305
1322500305
1322500305
1322500305
1322500305
1322500305
1322500305
1322500308
1322500308
1322500308
1322500308
1322500308
1322500308
1322500308
1322500308
1322500308
1322500308
1322500308
1322500308
1322500308
1322500308
1322500308
1322500308
1322500308
1322500308
1322500308
1322500308
1322500308
1322500308
1322500308
1322500308
1322500308
1322500308
1322500308
1322500308
1322500308
1322500308
1322500308
1322500308
1322500308
1322500308
1322500308
1322500308
1322500309
1322500309
1322500314
1322500337
1322500337
1322500337
1322500337
1322500337
1322500337
1322500337
1322500338
1322500338
1322500338
1322500338
1322500338
1322500338
1322500338
1322500338
1322500338
1322500366
1322500366
1322500366
1322500366
1322500366
1322500366
1322500366
1322500366
1322500366
1322500366
1322500366
1322500366
1322500366
1322500366
1322500366
1322500366
1322500366
1322500366
1322500366
1322500366
1322500366
1322500366
1322500366
1322500366
1322500366
1322500366
1322500366
1322500366
1322500366
1322500366
1322500366
1322500366
1322500366
1322500366
1322500366
1322500366
1322500366
1322500366
1322500366
1322500366
1322500367
1322500372
1322500373
1322500380
1322500380
1322500380
1322500380
1322500380
1322500380
1322500380
1322500380
1322500380
1322500380
1322500380
1322500381
1322500381
1322500384
1322500384
1322500384
1322500384
1322500384
1322500384
1322500384
1322500384
1322500384
1322500384
1322500384
1322500384
1322500384
1322500384
1322500384
1322500391
1322500392
1322500405
1322500416
1322500417
1322500417
1322500417
1322500417
1322500417
1322500417
1322500417
1322500417
1322500417
1322500417
1322500417
1322500417
1322500417
1322500417
1322500417
1322500441
1322500441
1322500441
1322500441
1322500441
1322500441
1322500441
1322500441
1322500441
1322500441
1322500441
1322500441
1322500441
1322500441
1322500441
1322500441
1322500441
1322500441
1322500441
1322500441
1322500441
1322500441
1322500441
1322500441
1322500441
1322500441
1322500441
1322500441
1322500441
1322500441
1322500441
1322500441
1322500441
1322500441
1322500441
1322500441
1322500441
1322500441
1322500441
1322500441
1322500441
1322500441
1322500441
1322500441
1322500441
1322500441
1322500447
1322500469
1322500469
1322500469
1322500469
1322500469
1322500469
1322500469
1322500469
1322500469
1322500469
1322500469
1322500469
1322500472
1322500472
1322500472
1322500472
1322500473
1322500473
1322500473
1322500486
1322500486
1322500487
1322500487
1322500487
1322500487
1322500487
1322500487
1322500487
1322500487
1322500487
1322500487
1322500487
1322500487
1322500487
1322500487
1322500487
1322500487
1322500487
1322500487
1322500487
1322500487
1322500487
1322500487
1322500487
1322500487
1322500487
1322500487
1322500487
1322500487
1322500487
1322500487
1322500487
1322500487
1322500487
1322500493
1322500525
1322500525
1322500525
1322500525
1322500525
1322500525
1322500525
1322500525
1322500525
1322500525
1322500525
1322500528
1322500529
1322500529
1322500529
1322500545
1322500545
1322500545
1322500546
1322500546
1322500546
1322500546
1322500546
1322500546
1322500546
1322500546
1322500552
1322500552
1322500554
1322500558
1322500558
1322500558
1322500558
1322500558
1322500558
1322500558
1322500558
1322500558
1322500558
1322500558
1322500558
1322500558
1322500558
1322500558
1322500559
1322500559
1322500559
1322500566
1322500566
1322500566
1322500566
1322500566
1322500580
1322500581
1322500581
1322500581
1322500581
1322500581
1322500581
1322500581
1322500581
1322500581
1322500581
1322500581
1322500581
1322500581
1322500581
1322500581
1322500581
1322500581
1322500581
1322500581
1322500581
1322500581
1322500581
1322500581
1322500581
1322500581
1322500581
1322500581
1322500581
1322500581
1322500581
1322500581
1322500581
1322500581
1322500581
1322500581
1322500581
1322500581
1322500586
1322500586
1322500586
1322500586
1322500586
1322500586
1322500586
1322500586
1322500586
1322500586
1322500586
1322500586
1322500586
1322500586
1322500586
1322500586
1322500586
1322500586
1322500586
1322500586
1322500586
1322500586
1322500587
1322500620
1322500620
1322500620
1322500620
1322500620
1322500620
1322500620
1322500620
1322500620
1322500620
1322500620
1322500620
1322500620
1322500620
1322500620
1322500620
1322500620
1322500620
1322500620
1322500620
1322500620
1322500620
1322500620
1322500620
1322500620
1322500620
1322500620
1322500620
1322500620
1322500620
1322500620
1322500620
1322500620
1322500620
1322500620
1322500620
1322500620
1322500620
1322500626
1322500653
1322500654
1322500654
1322500654
1322500654
1322500654
1322500655
1322500655
1322500655
1322500656
1322500656
1322500657
1322500659
1322500659
1322500659
1322500659
1322500659
1322500659
1322500659
1322500659
1322500659
1322500659
1322500659
1322500659
1322500659
1322500659
1322500660
1322500660
1322500660
1322500660
1322500660
1322500660
1322500660
1322500660
1322500660
1322500660
1322500660
1322500660
1322500660
1322500660
1322500660
1322500660
1322500660
1322500660
1322500660
1322500660
1322500661
1322500661
1322500661
1322500661
1322500661
1322500661
1322500661
1322500661
1322500661
1322500661
1322500661
1322500661
1322500661
1322500661
1322500661
1322500661
1322500661
1322500661
1322500661
1322500661
1322500661
1322500661
1322500661
1322500661
1322500661
1322500661
1322500661
1322500661
1322500661
1322500661
1322500661
1322500661
1322500661
1322500661
1322500661
1322500661
1322500661
1322500661
1322500661
1322500661
1322500661
1322500661
1322500661
1322500661
1322500661
1322500661
1322500661
1322500661
1322500661
1322500661
1322500661
1322500661
1322500661
1322500661
1322500661
1322500661
1322500661
1322500661
1322500661
1322500661
1322500661
1322500661
1322500661
1322500661
1322500661
1322500661
1322500661
1322500661
1322500661
1322500661
1322500661
1322500661
1322500661
1322500661
1322500661
1322500661
1322500661
1322500661
1322500661
1322500661
1322500661
1322500661
1322500661
1322500661
1322500661
1322500661
1322500661
1322500661
1322500661
1322500661
1322500661
1322500661
1322500661
1322500661
1322500661
1322500661
1322500661
1322500661
1322500661
1322500661
1322500661
1322500661
1322500661
1322500661
1322500662
1322500662
1322500662
1322500662
1322500662
1322500662
1322500662
1322500662
1322500662
1322500662
1322500662
1322500662
1322500662
1322500662
1322500662
1322500666
1322500666
1322500666
1322500666
1322500666
1322500666
1322500666
1322500666
1322500667
1322500667
1322500667
1322500667
1322500667
1322500669
1322500672
1322500672
1322500672
1322500672
1322500672
1322500672
1322500672
1322500672
1322500672
1322500672
1322500672
1322500672
1322500672
1322500672
1322500672
1322500672
1322500673
1322500673
1322500673
1322500673
1322500673
1322500673
1322500673
1322500673
1322500673
1322500673
1322500673
1322500702
1322500702
1322500702
1322500702
1322500702
1322500702
1322500702
1322500702
1322500702
1322500702
1322500702
1322500703
1322500708
1322500710
1322500730
1322500730
1322500730
1322500730
1322500730
1322500730
1322500730
1322500731
1322500731
1322500731
1322500731
1322500731
1322500731
1322500731
1322500731
1322500731
1322500731
1322500732
1322500732
1322500732
1322500732
1322500732
1322500751
1322500751
1322500751
1322500751
1322500751
1322500751
1322500751
1322500751
1322500751
1322500751
1322500751
1322500751
1322500751
1322500751
1322500751
1322500751
1322500751
1322500751
1322500751
1322500751
1322500751
1322500751
1322500751
1322500751
1322500751
1322500751
1322500751
1322500751
1322500751
1322500751
1322500751
1322500751
1322500751
1322500751
1322500751
1322500757
1322500759
1322500759
1322500759
1322500759
1322500759
1322500759
1322500759
1322500759
1322500759
1322500759
1322500759
1322500759
1322500759
1322500759
1322500759
1322500761
1322500771
1322500771
1322500771
1322500771
1322500771
1322500771
1322500771
1322500771
1322500771
1322500771
1322500771
1322500777
1322500779
1322500788
1322500789
1322500789
1322500789
1322500789
1322500789
1322500789
1322500789
1322500789
1322500800
1322500800
1322500800
1322500800
1322500800
1322500800
1322500800
1322500801
1322500801
1322500801
1322500801
1322500801
1322500801
1322500801
1322500801
1322500801
1322500801
1322500801
1322500801
1322500801
1322500830
1322500830
1322500830
1322500830
1322500830
1322500830
1322500831
1322500831
1322500831
1322500831
1322500831
1322500831
1322500831
1322500831
1322500831
1322500831
1322500831
1322500831
1322500831
1322500831
1322500831
1322500831
1322500831
1322500831
1322500831
1322500831
1322500831
1322500831
1322500831
1322500831
1322500831
1322500831
1322500831
1322500831
1322500831
1322500831
1322500831
1322500831
1322500831
1322500831
1322500837
1322500847
1322500847
1322500847
1322500847
1322500847
1322500847
1322500847
1322500847
1322500847
1322500847
1322500847
1322500847
1322500847
1322500847
1322500847
1322500847
1322500847
1322500847
1322500847
1322500848
1322500883
1322500883
1322500883
1322500883
1322500883
1322500883
1322500883
1322500883
1322500883
1322500883
1322500883
1322500883
1322500883
1322500883
1322500883
1322500883
1322500883
1322500883
1322500883
1322500883
1322500884
1322500884
1322500884
1322500884
1322500884
1322500884
1322500884
1322500884
1322500884
1322500884
1322500884
1322500884
1322500884
1322500884
1322500884
1322500884
1322500884
1322500884
1322500884
1322500884
1322500884
1322500887
1322500887
1322500887
1322500887
1322500887
1322500890
1322500890
1322500890
1322500891
1322500909
1322500909
1322500909
1322500909
1322500909
1322500909
1322500909
1322500910
1322500910
1322500910
1322500910
1322500910
1322500910
1322500910
1322500910
1322500910
1322500941
1322500941
1322500941
1322500941
1322500941
1322500941
1322500941
1322500941
1322500941
1322500941
1322500941
1322500947
1322500949
1322500971
1322500971
1322500971
1322500971
1322500971
1322500971
1322500982
1322500982
1322500982
1322500982
1322500982
1322500997
1322500997
1322500997
1322501002
1322501002
1322501002
1322501002
1322501002
1322501002
1322501002
1322501002
1322501003
1322501003
1322501003
1322501003
1322501003
1322501003
1322501003
1322501023
1322501023
1322501023
1322501023
1322501023
1322501023
1322501024
1322501024
1322501024
1322501024
1322501024
1322501024
1322501024
1322501024
1322501024
1322501024
1322501024
1322501024
1322501024
1322501029
1322501053
1322501053
1322501053
1322501053
1322501053
1322501053
1322501053
1322501053
1322501053
1322501053
1322501053
1322501053
1322501053
1322501053
1322501053
1322501053
1322501053
1322501053
1322501053
1322501053
1322501053
1322501053
1322501053
1322501053
1322501053
1322501053
1322501053
1322501053
1322501053
1322501053
1322501053
1322501053
1322501053
1322501053
1322501053
1322501053
1322501053
1322501059
1322501062
1322501062
1322501062
1322501062
1322501062
1322501062
1322501062
1322501062
1322501062
1322501063
1322501063
1322501063
1322501063
1322501063
1322501063
1322501063
1322501063
1322501063
1322501063
1322501063
1322501063
1322501063
1322501089
1322501089
1322501089
1322501089
1322501089
1322501089
1322501089
1322501089
1322501089
1322501089
1322501092
1322501092
1322501092
1322501092
1322501092
